colordew_palettes <- list(
  winter = c("#29385b", "#296b97", "#2c9ca7", "#81c9fc", "#b6dcf3", "#c8f5ff",
             "#eabca7", "#ae7d76")
)
